{
 "cells": [
  {
   "cell_type": "code",
   "execution_count": 1,
   "metadata": {},
   "outputs": [],
   "source": [
    "import pandas as pd\n",
    "\n",
    "proteins = pd.read_csv('./train_proteins.csv')"
   ]
  },
  {
   "cell_type": "code",
   "execution_count": 2,
   "metadata": {},
   "outputs": [
    {
     "data": {
      "text/html": [
       "<div>\n",
       "<style scoped>\n",
       "    .dataframe tbody tr th:only-of-type {\n",
       "        vertical-align: middle;\n",
       "    }\n",
       "\n",
       "    .dataframe tbody tr th {\n",
       "        vertical-align: top;\n",
       "    }\n",
       "\n",
       "    .dataframe thead th {\n",
       "        text-align: right;\n",
       "    }\n",
       "</style>\n",
       "<table border=\"1\" class=\"dataframe\">\n",
       "  <thead>\n",
       "    <tr style=\"text-align: right;\">\n",
       "      <th></th>\n",
       "      <th>visit_id</th>\n",
       "      <th>visit_month</th>\n",
       "      <th>patient_id</th>\n",
       "      <th>UniProt</th>\n",
       "      <th>NPX</th>\n",
       "    </tr>\n",
       "  </thead>\n",
       "  <tbody>\n",
       "    <tr>\n",
       "      <th>0</th>\n",
       "      <td>55_0</td>\n",
       "      <td>0</td>\n",
       "      <td>55</td>\n",
       "      <td>O00391</td>\n",
       "      <td>11254.3</td>\n",
       "    </tr>\n",
       "    <tr>\n",
       "      <th>1</th>\n",
       "      <td>55_0</td>\n",
       "      <td>0</td>\n",
       "      <td>55</td>\n",
       "      <td>O00533</td>\n",
       "      <td>732430.0</td>\n",
       "    </tr>\n",
       "    <tr>\n",
       "      <th>2</th>\n",
       "      <td>55_0</td>\n",
       "      <td>0</td>\n",
       "      <td>55</td>\n",
       "      <td>O00584</td>\n",
       "      <td>39585.8</td>\n",
       "    </tr>\n",
       "    <tr>\n",
       "      <th>3</th>\n",
       "      <td>55_0</td>\n",
       "      <td>0</td>\n",
       "      <td>55</td>\n",
       "      <td>O14498</td>\n",
       "      <td>41526.9</td>\n",
       "    </tr>\n",
       "    <tr>\n",
       "      <th>4</th>\n",
       "      <td>55_0</td>\n",
       "      <td>0</td>\n",
       "      <td>55</td>\n",
       "      <td>O14773</td>\n",
       "      <td>31238.0</td>\n",
       "    </tr>\n",
       "  </tbody>\n",
       "</table>\n",
       "</div>"
      ],
      "text/plain": [
       "  visit_id  visit_month  patient_id UniProt       NPX\n",
       "0     55_0            0          55  O00391   11254.3\n",
       "1     55_0            0          55  O00533  732430.0\n",
       "2     55_0            0          55  O00584   39585.8\n",
       "3     55_0            0          55  O14498   41526.9\n",
       "4     55_0            0          55  O14773   31238.0"
      ]
     },
     "execution_count": 2,
     "metadata": {},
     "output_type": "execute_result"
    }
   ],
   "source": [
    "proteins.head()"
   ]
  },
  {
   "cell_type": "code",
   "execution_count": 15,
   "metadata": {},
   "outputs": [],
   "source": [
    "npx_features = pd.pivot(proteins, index='visit_id', values='NPX', columns='UniProt')"
   ]
  },
  {
   "cell_type": "code",
   "execution_count": 22,
   "metadata": {},
   "outputs": [],
   "source": [
    "npx_features = npx_features.fillna('0')"
   ]
  },
  {
   "cell_type": "code",
   "execution_count": 77,
   "metadata": {},
   "outputs": [
    {
     "data": {
      "text/html": [
       "<div>\n",
       "<style scoped>\n",
       "    .dataframe tbody tr th:only-of-type {\n",
       "        vertical-align: middle;\n",
       "    }\n",
       "\n",
       "    .dataframe tbody tr th {\n",
       "        vertical-align: top;\n",
       "    }\n",
       "\n",
       "    .dataframe thead th {\n",
       "        text-align: right;\n",
       "    }\n",
       "</style>\n",
       "<table border=\"1\" class=\"dataframe\">\n",
       "  <thead>\n",
       "    <tr style=\"text-align: right;\">\n",
       "      <th>UniProt</th>\n",
       "      <th>O15240</th>\n",
       "      <th>P01009</th>\n",
       "      <th>P01011</th>\n",
       "      <th>P01023</th>\n",
       "      <th>P01024</th>\n",
       "      <th>P01042</th>\n",
       "      <th>P01834</th>\n",
       "      <th>P01876</th>\n",
       "      <th>P02647</th>\n",
       "      <th>P02649</th>\n",
       "      <th>...</th>\n",
       "      <th>P02790</th>\n",
       "      <th>P05090</th>\n",
       "      <th>P06396</th>\n",
       "      <th>P07602</th>\n",
       "      <th>P10909</th>\n",
       "      <th>P23142</th>\n",
       "      <th>P41222</th>\n",
       "      <th>Q12805</th>\n",
       "      <th>Q92520</th>\n",
       "      <th>Q9UHG2</th>\n",
       "    </tr>\n",
       "    <tr>\n",
       "      <th>UniProt</th>\n",
       "      <th></th>\n",
       "      <th></th>\n",
       "      <th></th>\n",
       "      <th></th>\n",
       "      <th></th>\n",
       "      <th></th>\n",
       "      <th></th>\n",
       "      <th></th>\n",
       "      <th></th>\n",
       "      <th></th>\n",
       "      <th></th>\n",
       "      <th></th>\n",
       "      <th></th>\n",
       "      <th></th>\n",
       "      <th></th>\n",
       "      <th></th>\n",
       "      <th></th>\n",
       "      <th></th>\n",
       "      <th></th>\n",
       "      <th></th>\n",
       "      <th></th>\n",
       "    </tr>\n",
       "  </thead>\n",
       "  <tbody>\n",
       "    <tr>\n",
       "      <th>O15240</th>\n",
       "      <td>1.000000</td>\n",
       "      <td>0.003798</td>\n",
       "      <td>0.004806</td>\n",
       "      <td>0.465224</td>\n",
       "      <td>0.030908</td>\n",
       "      <td>-0.173461</td>\n",
       "      <td>-0.141826</td>\n",
       "      <td>-0.116126</td>\n",
       "      <td>-0.213417</td>\n",
       "      <td>0.558888</td>\n",
       "      <td>...</td>\n",
       "      <td>-0.138744</td>\n",
       "      <td>0.247111</td>\n",
       "      <td>0.315908</td>\n",
       "      <td>0.674892</td>\n",
       "      <td>0.569702</td>\n",
       "      <td>0.418391</td>\n",
       "      <td>0.487935</td>\n",
       "      <td>0.576671</td>\n",
       "      <td>0.763076</td>\n",
       "      <td>0.774025</td>\n",
       "    </tr>\n",
       "    <tr>\n",
       "      <th>P01009</th>\n",
       "      <td>0.003798</td>\n",
       "      <td>1.000000</td>\n",
       "      <td>0.404963</td>\n",
       "      <td>0.095430</td>\n",
       "      <td>0.165423</td>\n",
       "      <td>0.267533</td>\n",
       "      <td>0.014779</td>\n",
       "      <td>0.012599</td>\n",
       "      <td>0.283808</td>\n",
       "      <td>0.017998</td>\n",
       "      <td>...</td>\n",
       "      <td>0.353093</td>\n",
       "      <td>0.303001</td>\n",
       "      <td>0.033108</td>\n",
       "      <td>0.095273</td>\n",
       "      <td>0.114632</td>\n",
       "      <td>0.206924</td>\n",
       "      <td>0.155674</td>\n",
       "      <td>0.196744</td>\n",
       "      <td>0.142587</td>\n",
       "      <td>0.089853</td>\n",
       "    </tr>\n",
       "    <tr>\n",
       "      <th>P01011</th>\n",
       "      <td>0.004806</td>\n",
       "      <td>0.404963</td>\n",
       "      <td>1.000000</td>\n",
       "      <td>0.349132</td>\n",
       "      <td>0.530624</td>\n",
       "      <td>0.287875</td>\n",
       "      <td>0.214897</td>\n",
       "      <td>0.049869</td>\n",
       "      <td>0.173569</td>\n",
       "      <td>0.132926</td>\n",
       "      <td>...</td>\n",
       "      <td>0.491536</td>\n",
       "      <td>0.277831</td>\n",
       "      <td>0.347655</td>\n",
       "      <td>0.186318</td>\n",
       "      <td>0.226016</td>\n",
       "      <td>0.320211</td>\n",
       "      <td>0.158315</td>\n",
       "      <td>0.214377</td>\n",
       "      <td>0.143322</td>\n",
       "      <td>0.148752</td>\n",
       "    </tr>\n",
       "    <tr>\n",
       "      <th>P01023</th>\n",
       "      <td>0.465224</td>\n",
       "      <td>0.095430</td>\n",
       "      <td>0.349132</td>\n",
       "      <td>1.000000</td>\n",
       "      <td>0.472288</td>\n",
       "      <td>0.025884</td>\n",
       "      <td>0.142950</td>\n",
       "      <td>0.011184</td>\n",
       "      <td>-0.158492</td>\n",
       "      <td>0.587026</td>\n",
       "      <td>...</td>\n",
       "      <td>0.313458</td>\n",
       "      <td>0.429209</td>\n",
       "      <td>0.727627</td>\n",
       "      <td>0.638376</td>\n",
       "      <td>0.638177</td>\n",
       "      <td>0.644101</td>\n",
       "      <td>0.559179</td>\n",
       "      <td>0.687977</td>\n",
       "      <td>0.615889</td>\n",
       "      <td>0.542899</td>\n",
       "    </tr>\n",
       "    <tr>\n",
       "      <th>P01024</th>\n",
       "      <td>0.030908</td>\n",
       "      <td>0.165423</td>\n",
       "      <td>0.530624</td>\n",
       "      <td>0.472288</td>\n",
       "      <td>1.000000</td>\n",
       "      <td>0.445318</td>\n",
       "      <td>0.382961</td>\n",
       "      <td>0.108136</td>\n",
       "      <td>0.201139</td>\n",
       "      <td>0.256009</td>\n",
       "      <td>...</td>\n",
       "      <td>0.598432</td>\n",
       "      <td>0.137351</td>\n",
       "      <td>0.573912</td>\n",
       "      <td>0.156457</td>\n",
       "      <td>0.208398</td>\n",
       "      <td>0.310436</td>\n",
       "      <td>0.226558</td>\n",
       "      <td>0.176341</td>\n",
       "      <td>0.204423</td>\n",
       "      <td>0.058623</td>\n",
       "    </tr>\n",
       "    <tr>\n",
       "      <th>P01042</th>\n",
       "      <td>-0.173461</td>\n",
       "      <td>0.267533</td>\n",
       "      <td>0.287875</td>\n",
       "      <td>0.025884</td>\n",
       "      <td>0.445318</td>\n",
       "      <td>1.000000</td>\n",
       "      <td>0.185693</td>\n",
       "      <td>0.159358</td>\n",
       "      <td>0.426839</td>\n",
       "      <td>0.059408</td>\n",
       "      <td>...</td>\n",
       "      <td>0.487828</td>\n",
       "      <td>0.111737</td>\n",
       "      <td>0.107827</td>\n",
       "      <td>-0.104045</td>\n",
       "      <td>-0.045054</td>\n",
       "      <td>0.046183</td>\n",
       "      <td>-0.021825</td>\n",
       "      <td>-0.044638</td>\n",
       "      <td>-0.019086</td>\n",
       "      <td>-0.120817</td>\n",
       "    </tr>\n",
       "    <tr>\n",
       "      <th>P01834</th>\n",
       "      <td>-0.141826</td>\n",
       "      <td>0.014779</td>\n",
       "      <td>0.214897</td>\n",
       "      <td>0.142950</td>\n",
       "      <td>0.382961</td>\n",
       "      <td>0.185693</td>\n",
       "      <td>1.000000</td>\n",
       "      <td>0.405304</td>\n",
       "      <td>0.216985</td>\n",
       "      <td>0.003248</td>\n",
       "      <td>...</td>\n",
       "      <td>0.224386</td>\n",
       "      <td>0.071839</td>\n",
       "      <td>0.189680</td>\n",
       "      <td>-0.026945</td>\n",
       "      <td>0.058041</td>\n",
       "      <td>0.059901</td>\n",
       "      <td>0.010183</td>\n",
       "      <td>-0.006639</td>\n",
       "      <td>-0.112983</td>\n",
       "      <td>-0.093984</td>\n",
       "    </tr>\n",
       "    <tr>\n",
       "      <th>P01876</th>\n",
       "      <td>-0.116126</td>\n",
       "      <td>0.012599</td>\n",
       "      <td>0.049869</td>\n",
       "      <td>0.011184</td>\n",
       "      <td>0.108136</td>\n",
       "      <td>0.159358</td>\n",
       "      <td>0.405304</td>\n",
       "      <td>1.000000</td>\n",
       "      <td>0.189503</td>\n",
       "      <td>-0.056690</td>\n",
       "      <td>...</td>\n",
       "      <td>0.097782</td>\n",
       "      <td>0.124829</td>\n",
       "      <td>0.007501</td>\n",
       "      <td>-0.121321</td>\n",
       "      <td>-0.084559</td>\n",
       "      <td>-0.092275</td>\n",
       "      <td>-0.093724</td>\n",
       "      <td>-0.063001</td>\n",
       "      <td>-0.119010</td>\n",
       "      <td>-0.063961</td>\n",
       "    </tr>\n",
       "    <tr>\n",
       "      <th>P02647</th>\n",
       "      <td>-0.213417</td>\n",
       "      <td>0.283808</td>\n",
       "      <td>0.173569</td>\n",
       "      <td>-0.158492</td>\n",
       "      <td>0.201139</td>\n",
       "      <td>0.426839</td>\n",
       "      <td>0.216985</td>\n",
       "      <td>0.189503</td>\n",
       "      <td>1.000000</td>\n",
       "      <td>-0.055592</td>\n",
       "      <td>...</td>\n",
       "      <td>0.249390</td>\n",
       "      <td>0.135786</td>\n",
       "      <td>-0.102907</td>\n",
       "      <td>-0.208513</td>\n",
       "      <td>-0.120679</td>\n",
       "      <td>-0.170682</td>\n",
       "      <td>-0.198032</td>\n",
       "      <td>-0.192377</td>\n",
       "      <td>-0.164971</td>\n",
       "      <td>-0.156897</td>\n",
       "    </tr>\n",
       "    <tr>\n",
       "      <th>P02649</th>\n",
       "      <td>0.558888</td>\n",
       "      <td>0.017998</td>\n",
       "      <td>0.132926</td>\n",
       "      <td>0.587026</td>\n",
       "      <td>0.256009</td>\n",
       "      <td>0.059408</td>\n",
       "      <td>0.003248</td>\n",
       "      <td>-0.056690</td>\n",
       "      <td>-0.055592</td>\n",
       "      <td>1.000000</td>\n",
       "      <td>...</td>\n",
       "      <td>0.031895</td>\n",
       "      <td>0.347109</td>\n",
       "      <td>0.560854</td>\n",
       "      <td>0.619491</td>\n",
       "      <td>0.627364</td>\n",
       "      <td>0.493283</td>\n",
       "      <td>0.603102</td>\n",
       "      <td>0.615416</td>\n",
       "      <td>0.703698</td>\n",
       "      <td>0.624960</td>\n",
       "    </tr>\n",
       "    <tr>\n",
       "      <th>P02749</th>\n",
       "      <td>-0.160777</td>\n",
       "      <td>0.308468</td>\n",
       "      <td>0.217163</td>\n",
       "      <td>-0.012248</td>\n",
       "      <td>0.319059</td>\n",
       "      <td>0.546739</td>\n",
       "      <td>0.169004</td>\n",
       "      <td>0.103505</td>\n",
       "      <td>0.391464</td>\n",
       "      <td>0.003102</td>\n",
       "      <td>...</td>\n",
       "      <td>0.397737</td>\n",
       "      <td>0.219507</td>\n",
       "      <td>0.064181</td>\n",
       "      <td>-0.069256</td>\n",
       "      <td>-0.023480</td>\n",
       "      <td>0.025060</td>\n",
       "      <td>0.002353</td>\n",
       "      <td>0.018040</td>\n",
       "      <td>-0.044552</td>\n",
       "      <td>-0.091457</td>\n",
       "    </tr>\n",
       "    <tr>\n",
       "      <th>P02751</th>\n",
       "      <td>0.579452</td>\n",
       "      <td>0.052551</td>\n",
       "      <td>0.235759</td>\n",
       "      <td>0.740495</td>\n",
       "      <td>0.394416</td>\n",
       "      <td>0.022262</td>\n",
       "      <td>0.073645</td>\n",
       "      <td>-0.063768</td>\n",
       "      <td>-0.180095</td>\n",
       "      <td>0.676285</td>\n",
       "      <td>...</td>\n",
       "      <td>0.195711</td>\n",
       "      <td>0.417043</td>\n",
       "      <td>0.742243</td>\n",
       "      <td>0.673379</td>\n",
       "      <td>0.724530</td>\n",
       "      <td>0.676357</td>\n",
       "      <td>0.649004</td>\n",
       "      <td>0.724444</td>\n",
       "      <td>0.767234</td>\n",
       "      <td>0.634077</td>\n",
       "    </tr>\n",
       "    <tr>\n",
       "      <th>P02765</th>\n",
       "      <td>-0.016380</td>\n",
       "      <td>0.287242</td>\n",
       "      <td>0.039096</td>\n",
       "      <td>0.021739</td>\n",
       "      <td>0.122619</td>\n",
       "      <td>0.334111</td>\n",
       "      <td>0.130063</td>\n",
       "      <td>0.161839</td>\n",
       "      <td>0.356226</td>\n",
       "      <td>-0.000436</td>\n",
       "      <td>...</td>\n",
       "      <td>0.181096</td>\n",
       "      <td>0.237757</td>\n",
       "      <td>-0.021290</td>\n",
       "      <td>-0.060543</td>\n",
       "      <td>0.080329</td>\n",
       "      <td>-0.050690</td>\n",
       "      <td>-0.036403</td>\n",
       "      <td>0.034604</td>\n",
       "      <td>0.016058</td>\n",
       "      <td>-0.017939</td>\n",
       "    </tr>\n",
       "    <tr>\n",
       "      <th>P02766</th>\n",
       "      <td>0.156524</td>\n",
       "      <td>0.244368</td>\n",
       "      <td>0.010837</td>\n",
       "      <td>0.072252</td>\n",
       "      <td>-0.123433</td>\n",
       "      <td>-0.144933</td>\n",
       "      <td>-0.150168</td>\n",
       "      <td>-0.056101</td>\n",
       "      <td>-0.050024</td>\n",
       "      <td>-0.010459</td>\n",
       "      <td>...</td>\n",
       "      <td>0.033507</td>\n",
       "      <td>0.201459</td>\n",
       "      <td>0.063606</td>\n",
       "      <td>0.256792</td>\n",
       "      <td>0.223266</td>\n",
       "      <td>0.318660</td>\n",
       "      <td>0.244972</td>\n",
       "      <td>0.290148</td>\n",
       "      <td>0.290510</td>\n",
       "      <td>0.221403</td>\n",
       "    </tr>\n",
       "    <tr>\n",
       "      <th>P02768</th>\n",
       "      <td>0.014046</td>\n",
       "      <td>0.200465</td>\n",
       "      <td>0.465680</td>\n",
       "      <td>0.346353</td>\n",
       "      <td>0.412311</td>\n",
       "      <td>0.144837</td>\n",
       "      <td>0.235634</td>\n",
       "      <td>0.081111</td>\n",
       "      <td>0.193023</td>\n",
       "      <td>-0.012492</td>\n",
       "      <td>...</td>\n",
       "      <td>0.466985</td>\n",
       "      <td>0.242880</td>\n",
       "      <td>0.347981</td>\n",
       "      <td>0.200703</td>\n",
       "      <td>0.262834</td>\n",
       "      <td>0.349981</td>\n",
       "      <td>0.177764</td>\n",
       "      <td>0.222762</td>\n",
       "      <td>0.055893</td>\n",
       "      <td>0.068014</td>\n",
       "    </tr>\n",
       "    <tr>\n",
       "      <th>P02774</th>\n",
       "      <td>-0.127805</td>\n",
       "      <td>0.487388</td>\n",
       "      <td>0.410334</td>\n",
       "      <td>0.073719</td>\n",
       "      <td>0.347966</td>\n",
       "      <td>0.581852</td>\n",
       "      <td>0.109714</td>\n",
       "      <td>0.097651</td>\n",
       "      <td>0.525172</td>\n",
       "      <td>0.031944</td>\n",
       "      <td>...</td>\n",
       "      <td>0.492591</td>\n",
       "      <td>0.318829</td>\n",
       "      <td>0.116244</td>\n",
       "      <td>0.046720</td>\n",
       "      <td>0.034771</td>\n",
       "      <td>0.174572</td>\n",
       "      <td>0.029111</td>\n",
       "      <td>0.076293</td>\n",
       "      <td>0.059900</td>\n",
       "      <td>0.005079</td>\n",
       "    </tr>\n",
       "    <tr>\n",
       "      <th>P02787</th>\n",
       "      <td>0.343164</td>\n",
       "      <td>0.045395</td>\n",
       "      <td>0.399816</td>\n",
       "      <td>0.687415</td>\n",
       "      <td>0.603077</td>\n",
       "      <td>0.217423</td>\n",
       "      <td>0.200714</td>\n",
       "      <td>-0.015244</td>\n",
       "      <td>-0.106107</td>\n",
       "      <td>0.502005</td>\n",
       "      <td>...</td>\n",
       "      <td>0.452791</td>\n",
       "      <td>0.261984</td>\n",
       "      <td>0.666718</td>\n",
       "      <td>0.541337</td>\n",
       "      <td>0.491299</td>\n",
       "      <td>0.618784</td>\n",
       "      <td>0.544250</td>\n",
       "      <td>0.552498</td>\n",
       "      <td>0.486345</td>\n",
       "      <td>0.359788</td>\n",
       "    </tr>\n",
       "    <tr>\n",
       "      <th>P02790</th>\n",
       "      <td>-0.138744</td>\n",
       "      <td>0.353093</td>\n",
       "      <td>0.491536</td>\n",
       "      <td>0.313458</td>\n",
       "      <td>0.598432</td>\n",
       "      <td>0.487828</td>\n",
       "      <td>0.224386</td>\n",
       "      <td>0.097782</td>\n",
       "      <td>0.249390</td>\n",
       "      <td>0.031895</td>\n",
       "      <td>...</td>\n",
       "      <td>1.000000</td>\n",
       "      <td>0.216751</td>\n",
       "      <td>0.356175</td>\n",
       "      <td>0.096644</td>\n",
       "      <td>0.117123</td>\n",
       "      <td>0.303881</td>\n",
       "      <td>0.138261</td>\n",
       "      <td>0.154816</td>\n",
       "      <td>0.061107</td>\n",
       "      <td>-0.045327</td>\n",
       "    </tr>\n",
       "    <tr>\n",
       "      <th>P05090</th>\n",
       "      <td>0.247111</td>\n",
       "      <td>0.303001</td>\n",
       "      <td>0.277831</td>\n",
       "      <td>0.429209</td>\n",
       "      <td>0.137351</td>\n",
       "      <td>0.111737</td>\n",
       "      <td>0.071839</td>\n",
       "      <td>0.124829</td>\n",
       "      <td>0.135786</td>\n",
       "      <td>0.347109</td>\n",
       "      <td>...</td>\n",
       "      <td>0.216751</td>\n",
       "      <td>1.000000</td>\n",
       "      <td>0.449990</td>\n",
       "      <td>0.388299</td>\n",
       "      <td>0.510630</td>\n",
       "      <td>0.419804</td>\n",
       "      <td>0.398199</td>\n",
       "      <td>0.484470</td>\n",
       "      <td>0.390223</td>\n",
       "      <td>0.422243</td>\n",
       "    </tr>\n",
       "    <tr>\n",
       "      <th>P06396</th>\n",
       "      <td>0.315908</td>\n",
       "      <td>0.033108</td>\n",
       "      <td>0.347655</td>\n",
       "      <td>0.727627</td>\n",
       "      <td>0.573912</td>\n",
       "      <td>0.107827</td>\n",
       "      <td>0.189680</td>\n",
       "      <td>0.007501</td>\n",
       "      <td>-0.102907</td>\n",
       "      <td>0.560854</td>\n",
       "      <td>...</td>\n",
       "      <td>0.356175</td>\n",
       "      <td>0.449990</td>\n",
       "      <td>1.000000</td>\n",
       "      <td>0.517921</td>\n",
       "      <td>0.617772</td>\n",
       "      <td>0.590761</td>\n",
       "      <td>0.586919</td>\n",
       "      <td>0.587686</td>\n",
       "      <td>0.569609</td>\n",
       "      <td>0.421295</td>\n",
       "    </tr>\n",
       "    <tr>\n",
       "      <th>P07602</th>\n",
       "      <td>0.674892</td>\n",
       "      <td>0.095273</td>\n",
       "      <td>0.186318</td>\n",
       "      <td>0.638376</td>\n",
       "      <td>0.156457</td>\n",
       "      <td>-0.104045</td>\n",
       "      <td>-0.026945</td>\n",
       "      <td>-0.121321</td>\n",
       "      <td>-0.208513</td>\n",
       "      <td>0.619491</td>\n",
       "      <td>...</td>\n",
       "      <td>0.096644</td>\n",
       "      <td>0.388299</td>\n",
       "      <td>0.517921</td>\n",
       "      <td>1.000000</td>\n",
       "      <td>0.746105</td>\n",
       "      <td>0.692406</td>\n",
       "      <td>0.650962</td>\n",
       "      <td>0.746560</td>\n",
       "      <td>0.768818</td>\n",
       "      <td>0.712135</td>\n",
       "    </tr>\n",
       "    <tr>\n",
       "      <th>P10909</th>\n",
       "      <td>0.569702</td>\n",
       "      <td>0.114632</td>\n",
       "      <td>0.226016</td>\n",
       "      <td>0.638177</td>\n",
       "      <td>0.208398</td>\n",
       "      <td>-0.045054</td>\n",
       "      <td>0.058041</td>\n",
       "      <td>-0.084559</td>\n",
       "      <td>-0.120679</td>\n",
       "      <td>0.627364</td>\n",
       "      <td>...</td>\n",
       "      <td>0.117123</td>\n",
       "      <td>0.510630</td>\n",
       "      <td>0.617772</td>\n",
       "      <td>0.746105</td>\n",
       "      <td>1.000000</td>\n",
       "      <td>0.663864</td>\n",
       "      <td>0.649628</td>\n",
       "      <td>0.742993</td>\n",
       "      <td>0.707636</td>\n",
       "      <td>0.676910</td>\n",
       "    </tr>\n",
       "    <tr>\n",
       "      <th>P23142</th>\n",
       "      <td>0.418391</td>\n",
       "      <td>0.206924</td>\n",
       "      <td>0.320211</td>\n",
       "      <td>0.644101</td>\n",
       "      <td>0.310436</td>\n",
       "      <td>0.046183</td>\n",
       "      <td>0.059901</td>\n",
       "      <td>-0.092275</td>\n",
       "      <td>-0.170682</td>\n",
       "      <td>0.493283</td>\n",
       "      <td>...</td>\n",
       "      <td>0.303881</td>\n",
       "      <td>0.419804</td>\n",
       "      <td>0.590761</td>\n",
       "      <td>0.692406</td>\n",
       "      <td>0.663864</td>\n",
       "      <td>1.000000</td>\n",
       "      <td>0.633620</td>\n",
       "      <td>0.733984</td>\n",
       "      <td>0.600615</td>\n",
       "      <td>0.541126</td>\n",
       "    </tr>\n",
       "    <tr>\n",
       "      <th>P41222</th>\n",
       "      <td>0.487935</td>\n",
       "      <td>0.155674</td>\n",
       "      <td>0.158315</td>\n",
       "      <td>0.559179</td>\n",
       "      <td>0.226558</td>\n",
       "      <td>-0.021825</td>\n",
       "      <td>0.010183</td>\n",
       "      <td>-0.093724</td>\n",
       "      <td>-0.198032</td>\n",
       "      <td>0.603102</td>\n",
       "      <td>...</td>\n",
       "      <td>0.138261</td>\n",
       "      <td>0.398199</td>\n",
       "      <td>0.586919</td>\n",
       "      <td>0.650962</td>\n",
       "      <td>0.649628</td>\n",
       "      <td>0.633620</td>\n",
       "      <td>1.000000</td>\n",
       "      <td>0.656236</td>\n",
       "      <td>0.698042</td>\n",
       "      <td>0.536680</td>\n",
       "    </tr>\n",
       "    <tr>\n",
       "      <th>Q12805</th>\n",
       "      <td>0.576671</td>\n",
       "      <td>0.196744</td>\n",
       "      <td>0.214377</td>\n",
       "      <td>0.687977</td>\n",
       "      <td>0.176341</td>\n",
       "      <td>-0.044638</td>\n",
       "      <td>-0.006639</td>\n",
       "      <td>-0.063001</td>\n",
       "      <td>-0.192377</td>\n",
       "      <td>0.615416</td>\n",
       "      <td>...</td>\n",
       "      <td>0.154816</td>\n",
       "      <td>0.484470</td>\n",
       "      <td>0.587686</td>\n",
       "      <td>0.746560</td>\n",
       "      <td>0.742993</td>\n",
       "      <td>0.733984</td>\n",
       "      <td>0.656236</td>\n",
       "      <td>1.000000</td>\n",
       "      <td>0.704611</td>\n",
       "      <td>0.656879</td>\n",
       "    </tr>\n",
       "    <tr>\n",
       "      <th>Q92520</th>\n",
       "      <td>0.763076</td>\n",
       "      <td>0.142587</td>\n",
       "      <td>0.143322</td>\n",
       "      <td>0.615889</td>\n",
       "      <td>0.204423</td>\n",
       "      <td>-0.019086</td>\n",
       "      <td>-0.112983</td>\n",
       "      <td>-0.119010</td>\n",
       "      <td>-0.164971</td>\n",
       "      <td>0.703698</td>\n",
       "      <td>...</td>\n",
       "      <td>0.061107</td>\n",
       "      <td>0.390223</td>\n",
       "      <td>0.569609</td>\n",
       "      <td>0.768818</td>\n",
       "      <td>0.707636</td>\n",
       "      <td>0.600615</td>\n",
       "      <td>0.698042</td>\n",
       "      <td>0.704611</td>\n",
       "      <td>1.000000</td>\n",
       "      <td>0.800238</td>\n",
       "    </tr>\n",
       "    <tr>\n",
       "      <th>Q9UHG2</th>\n",
       "      <td>0.774025</td>\n",
       "      <td>0.089853</td>\n",
       "      <td>0.148752</td>\n",
       "      <td>0.542899</td>\n",
       "      <td>0.058623</td>\n",
       "      <td>-0.120817</td>\n",
       "      <td>-0.093984</td>\n",
       "      <td>-0.063961</td>\n",
       "      <td>-0.156897</td>\n",
       "      <td>0.624960</td>\n",
       "      <td>...</td>\n",
       "      <td>-0.045327</td>\n",
       "      <td>0.422243</td>\n",
       "      <td>0.421295</td>\n",
       "      <td>0.712135</td>\n",
       "      <td>0.676910</td>\n",
       "      <td>0.541126</td>\n",
       "      <td>0.536680</td>\n",
       "      <td>0.656879</td>\n",
       "      <td>0.800238</td>\n",
       "      <td>1.000000</td>\n",
       "    </tr>\n",
       "  </tbody>\n",
       "</table>\n",
       "<p>27 rows × 27 columns</p>\n",
       "</div>"
      ],
      "text/plain": [
       "UniProt    O15240    P01009    P01011    P01023    P01024    P01042    P01834  \\\n",
       "UniProt                                                                         \n",
       "O15240   1.000000  0.003798  0.004806  0.465224  0.030908 -0.173461 -0.141826   \n",
       "P01009   0.003798  1.000000  0.404963  0.095430  0.165423  0.267533  0.014779   \n",
       "P01011   0.004806  0.404963  1.000000  0.349132  0.530624  0.287875  0.214897   \n",
       "P01023   0.465224  0.095430  0.349132  1.000000  0.472288  0.025884  0.142950   \n",
       "P01024   0.030908  0.165423  0.530624  0.472288  1.000000  0.445318  0.382961   \n",
       "P01042  -0.173461  0.267533  0.287875  0.025884  0.445318  1.000000  0.185693   \n",
       "P01834  -0.141826  0.014779  0.214897  0.142950  0.382961  0.185693  1.000000   \n",
       "P01876  -0.116126  0.012599  0.049869  0.011184  0.108136  0.159358  0.405304   \n",
       "P02647  -0.213417  0.283808  0.173569 -0.158492  0.201139  0.426839  0.216985   \n",
       "P02649   0.558888  0.017998  0.132926  0.587026  0.256009  0.059408  0.003248   \n",
       "P02749  -0.160777  0.308468  0.217163 -0.012248  0.319059  0.546739  0.169004   \n",
       "P02751   0.579452  0.052551  0.235759  0.740495  0.394416  0.022262  0.073645   \n",
       "P02765  -0.016380  0.287242  0.039096  0.021739  0.122619  0.334111  0.130063   \n",
       "P02766   0.156524  0.244368  0.010837  0.072252 -0.123433 -0.144933 -0.150168   \n",
       "P02768   0.014046  0.200465  0.465680  0.346353  0.412311  0.144837  0.235634   \n",
       "P02774  -0.127805  0.487388  0.410334  0.073719  0.347966  0.581852  0.109714   \n",
       "P02787   0.343164  0.045395  0.399816  0.687415  0.603077  0.217423  0.200714   \n",
       "P02790  -0.138744  0.353093  0.491536  0.313458  0.598432  0.487828  0.224386   \n",
       "P05090   0.247111  0.303001  0.277831  0.429209  0.137351  0.111737  0.071839   \n",
       "P06396   0.315908  0.033108  0.347655  0.727627  0.573912  0.107827  0.189680   \n",
       "P07602   0.674892  0.095273  0.186318  0.638376  0.156457 -0.104045 -0.026945   \n",
       "P10909   0.569702  0.114632  0.226016  0.638177  0.208398 -0.045054  0.058041   \n",
       "P23142   0.418391  0.206924  0.320211  0.644101  0.310436  0.046183  0.059901   \n",
       "P41222   0.487935  0.155674  0.158315  0.559179  0.226558 -0.021825  0.010183   \n",
       "Q12805   0.576671  0.196744  0.214377  0.687977  0.176341 -0.044638 -0.006639   \n",
       "Q92520   0.763076  0.142587  0.143322  0.615889  0.204423 -0.019086 -0.112983   \n",
       "Q9UHG2   0.774025  0.089853  0.148752  0.542899  0.058623 -0.120817 -0.093984   \n",
       "\n",
       "UniProt    P01876    P02647    P02649  ...    P02790    P05090    P06396  \\\n",
       "UniProt                                ...                                 \n",
       "O15240  -0.116126 -0.213417  0.558888  ... -0.138744  0.247111  0.315908   \n",
       "P01009   0.012599  0.283808  0.017998  ...  0.353093  0.303001  0.033108   \n",
       "P01011   0.049869  0.173569  0.132926  ...  0.491536  0.277831  0.347655   \n",
       "P01023   0.011184 -0.158492  0.587026  ...  0.313458  0.429209  0.727627   \n",
       "P01024   0.108136  0.201139  0.256009  ...  0.598432  0.137351  0.573912   \n",
       "P01042   0.159358  0.426839  0.059408  ...  0.487828  0.111737  0.107827   \n",
       "P01834   0.405304  0.216985  0.003248  ...  0.224386  0.071839  0.189680   \n",
       "P01876   1.000000  0.189503 -0.056690  ...  0.097782  0.124829  0.007501   \n",
       "P02647   0.189503  1.000000 -0.055592  ...  0.249390  0.135786 -0.102907   \n",
       "P02649  -0.056690 -0.055592  1.000000  ...  0.031895  0.347109  0.560854   \n",
       "P02749   0.103505  0.391464  0.003102  ...  0.397737  0.219507  0.064181   \n",
       "P02751  -0.063768 -0.180095  0.676285  ...  0.195711  0.417043  0.742243   \n",
       "P02765   0.161839  0.356226 -0.000436  ...  0.181096  0.237757 -0.021290   \n",
       "P02766  -0.056101 -0.050024 -0.010459  ...  0.033507  0.201459  0.063606   \n",
       "P02768   0.081111  0.193023 -0.012492  ...  0.466985  0.242880  0.347981   \n",
       "P02774   0.097651  0.525172  0.031944  ...  0.492591  0.318829  0.116244   \n",
       "P02787  -0.015244 -0.106107  0.502005  ...  0.452791  0.261984  0.666718   \n",
       "P02790   0.097782  0.249390  0.031895  ...  1.000000  0.216751  0.356175   \n",
       "P05090   0.124829  0.135786  0.347109  ...  0.216751  1.000000  0.449990   \n",
       "P06396   0.007501 -0.102907  0.560854  ...  0.356175  0.449990  1.000000   \n",
       "P07602  -0.121321 -0.208513  0.619491  ...  0.096644  0.388299  0.517921   \n",
       "P10909  -0.084559 -0.120679  0.627364  ...  0.117123  0.510630  0.617772   \n",
       "P23142  -0.092275 -0.170682  0.493283  ...  0.303881  0.419804  0.590761   \n",
       "P41222  -0.093724 -0.198032  0.603102  ...  0.138261  0.398199  0.586919   \n",
       "Q12805  -0.063001 -0.192377  0.615416  ...  0.154816  0.484470  0.587686   \n",
       "Q92520  -0.119010 -0.164971  0.703698  ...  0.061107  0.390223  0.569609   \n",
       "Q9UHG2  -0.063961 -0.156897  0.624960  ... -0.045327  0.422243  0.421295   \n",
       "\n",
       "UniProt    P07602    P10909    P23142    P41222    Q12805    Q92520    Q9UHG2  \n",
       "UniProt                                                                        \n",
       "O15240   0.674892  0.569702  0.418391  0.487935  0.576671  0.763076  0.774025  \n",
       "P01009   0.095273  0.114632  0.206924  0.155674  0.196744  0.142587  0.089853  \n",
       "P01011   0.186318  0.226016  0.320211  0.158315  0.214377  0.143322  0.148752  \n",
       "P01023   0.638376  0.638177  0.644101  0.559179  0.687977  0.615889  0.542899  \n",
       "P01024   0.156457  0.208398  0.310436  0.226558  0.176341  0.204423  0.058623  \n",
       "P01042  -0.104045 -0.045054  0.046183 -0.021825 -0.044638 -0.019086 -0.120817  \n",
       "P01834  -0.026945  0.058041  0.059901  0.010183 -0.006639 -0.112983 -0.093984  \n",
       "P01876  -0.121321 -0.084559 -0.092275 -0.093724 -0.063001 -0.119010 -0.063961  \n",
       "P02647  -0.208513 -0.120679 -0.170682 -0.198032 -0.192377 -0.164971 -0.156897  \n",
       "P02649   0.619491  0.627364  0.493283  0.603102  0.615416  0.703698  0.624960  \n",
       "P02749  -0.069256 -0.023480  0.025060  0.002353  0.018040 -0.044552 -0.091457  \n",
       "P02751   0.673379  0.724530  0.676357  0.649004  0.724444  0.767234  0.634077  \n",
       "P02765  -0.060543  0.080329 -0.050690 -0.036403  0.034604  0.016058 -0.017939  \n",
       "P02766   0.256792  0.223266  0.318660  0.244972  0.290148  0.290510  0.221403  \n",
       "P02768   0.200703  0.262834  0.349981  0.177764  0.222762  0.055893  0.068014  \n",
       "P02774   0.046720  0.034771  0.174572  0.029111  0.076293  0.059900  0.005079  \n",
       "P02787   0.541337  0.491299  0.618784  0.544250  0.552498  0.486345  0.359788  \n",
       "P02790   0.096644  0.117123  0.303881  0.138261  0.154816  0.061107 -0.045327  \n",
       "P05090   0.388299  0.510630  0.419804  0.398199  0.484470  0.390223  0.422243  \n",
       "P06396   0.517921  0.617772  0.590761  0.586919  0.587686  0.569609  0.421295  \n",
       "P07602   1.000000  0.746105  0.692406  0.650962  0.746560  0.768818  0.712135  \n",
       "P10909   0.746105  1.000000  0.663864  0.649628  0.742993  0.707636  0.676910  \n",
       "P23142   0.692406  0.663864  1.000000  0.633620  0.733984  0.600615  0.541126  \n",
       "P41222   0.650962  0.649628  0.633620  1.000000  0.656236  0.698042  0.536680  \n",
       "Q12805   0.746560  0.742993  0.733984  0.656236  1.000000  0.704611  0.656879  \n",
       "Q92520   0.768818  0.707636  0.600615  0.698042  0.704611  1.000000  0.800238  \n",
       "Q9UHG2   0.712135  0.676910  0.541126  0.536680  0.656879  0.800238  1.000000  \n",
       "\n",
       "[27 rows x 27 columns]"
      ]
     },
     "execution_count": 77,
     "metadata": {},
     "output_type": "execute_result"
    }
   ],
   "source": [
    "import seaborn as sns\n",
    "import matplotlib.pyplot as plt\n",
    "\n",
    "npx_features.corr()"
   ]
  },
  {
   "cell_type": "code",
   "execution_count": 78,
   "metadata": {},
   "outputs": [
    {
     "data": {
      "text/plain": [
       "<AxesSubplot: xlabel='UniProt', ylabel='UniProt'>"
      ]
     },
     "execution_count": 78,
     "metadata": {},
     "output_type": "execute_result"
    },
    {
     "data": {
